1	0.1	61214
2	1	18480
3	2	12875
4	3	10739
5	4	9472
6	5	8721
7	6	8200
8	7	7341
9	8	6888
10	9	6518
11	10	6263
12	11	5799
13	12	5624
14	13	5259
15	14	5034
16	15	4981
17	16	4517
18	17	4400
19	18	4218
20	19	3997
21	20	4030
22	21	3702
23	22	3757
24	23	3498
25	24	3299
26	25	3298
27	26	3042
28	27	3179
29	28	2909
30	29	2857
31	30	2853
32	31	2724
33	32	2609
34	33	2693
35	34	2577
36	35	2436
37	36	2447
38	37	2341
39	38	2184
40	39	2207
41	40	2119
42	41	2171
43	42	1994
44	43	2080
45	44	2004
46	45	1951
47	46	1876
48	47	1829
49	48	1803
50	49	1860
51	50	1708
52	51	1750
53	52	1727
54	53	1635
55	54	1582
56	55	1565
57	56	1559
58	57	1526
59	58	1467
60	59	1437
61	60	1431
62	61	1392
63	62	1434
64	63	1382
65	64	1323
66	65	1307
67	66	1320
68	67	1319
69	68	1233
70	69	1250
71	70	1244
72	71	1252
73	72	1214
74	73	1215
75	74	1197
76	75	1095
77	76	1218
78	77	1148
79	78	1079
80	79	1058
81	80	1117
82	81	1057
83	82	1038
84	83	1065
85	84	1013
86	85	944
87	86	945
88	87	965
89	88	992
90	89	970
91	90	924
92	91	853
93	92	909
94	93	880
95	94	931
96	95	883
97	96	852
98	97	854
99	98	847
100	99	842
101	100	787
102	101	852
103	102	777
104	103	756
105	104	781
106	105	772
107	106	735
108	107	794
109	108	757
110	109	735
111	110	688
112	111	748
113	112	703
114	113	712
115	114	707
116	115	713
117	116	715
118	117	658
119	118	677
120	119	708
121	120	719
122	121	655
123	122	706
124	123	703
125	124	689
126	125	642
127	126	612
128	127	597
129	128	622
130	129	638
131	130	611
132	131	611
133	132	623
134	133	603
135	134	563
136	135	562
137	136	560
138	137	587
139	138	532
140	139	612
141	140	595
142	141	551
143	142	538
144	143	543
145	144	545
146	145	595
147	146	577
148	147	567
149	148	486
150	149	531
151	150	528
152	151	475
153	152	462
154	153	511
155	154	514
156	155	497
157	156	511
158	157	511
159	158	492
160	159	499
161	160	504
162	161	517
163	162	454
164	163	507
165	164	492
166	165	429
167	166	445
168	167	463
169	168	481
170	169	458
171	170	473
172	171	448
173	172	483
174	173	414
175	174	431
176	175	434
177	176	448
178	177	445
179	178	444
180	179	415
181	180	421
182	181	402
183	182	426
184	183	428
185	184	415
186	185	413
187	186	400
188	187	385
189	188	409
190	189	395
191	190	391
192	191	377
193	192	407
194	193	362
195	194	374
196	195	404
197	196	409
198	197	378
199	198	362
200	199	358
201	200	378
202	201	359
203	202	400
204	203	358
205	204	372
206	205	362
207	206	382
208	207	424
209	208	403
210	209	394
211	210	354
212	211	352
213	212	391
214	213	348
215	214	378
216	215	354
217	216	365
218	217	319
219	218	386
220	219	350
221	220	368
222	221	344
223	222	330
224	223	337
225	224	341
226	225	368
227	226	330
228	227	341
229	228	296
230	229	318
231	230	305
232	231	303
233	232	315
234	233	332
235	234	334
236	235	279
237	236	299
238	237	335
239	238	287
240	239	319
241	240	275
242	241	324
243	242	281
244	243	291
245	244	307
246	245	286
247	246	306
248	247	307
249	248	328
250	249	315
251	250	292
252	251	275
253	252	283
254	253	300
255	254	305
256	255	291
257	256	299
258	257	284
259	258	265
260	259	285
261	260	326
262	261	303
263	262	297
264	263	273
265	264	274
266	265	327
267	266	260
268	267	307
269	268	235
270	269	291
271	270	272
272	271	284
273	272	293
274	273	275
275	274	291
276	275	266
277	276	299
278	277	256
279	278	251
280	279	279
281	280	256
282	281	251
283	282	292
284	283	274
285	284	265
286	285	243
287	286	253
288	287	276
289	288	246
290	289	249
291	290	246
292	291	265
293	292	252
294	293	268
295	294	253
296	295	284
297	296	255
298	297	270
299	298	294
300	299	243
301	300	239
302	301	223
303	302	207
304	303	228
305	304	325
306	305	252
307	306	254
308	307	231
309	308	257
310	309	253
311	310	227
312	311	228
313	312	286
314	313	209
315	314	221
316	315	245
317	316	240
318	317	228
319	318	264
320	319	195
321	320	231
322	321	225
323	322	229
324	323	240
325	324	221
326	325	218
327	326	233
328	327	216
329	328	244
330	329	253
331	330	217
332	331	196
333	332	227
334	333	205
335	334	258
336	335	224
337	336	234
338	337	210
339	338	210
340	339	238
341	340	246
342	341	230
343	342	227
344	343	219
345	344	223
346	345	226
347	346	208
348	347	224
349	348	222
350	349	198
351	350	237
352	351	194
353	352	207
354	353	193
355	354	203
356	355	225
357	356	209
358	357	221
359	358	172
360	359	187
361	360	187
362	361	215
363	362	223
364	363	218
365	364	237
366	365	194
367	366	199
368	367	191
369	368	184
370	369	215
371	370	187
372	371	204
373	372	217
374	373	193
375	374	198
376	375	190
377	376	190
378	377	199
379	378	189
380	379	198
381	380	184
382	381	218
383	382	187
384	383	166
385	384	187
386	385	175
387	386	195
388	387	185
389	388	187
390	389	205
391	390	207
392	391	205
393	392	159
394	393	207
395	394	161
396	395	159
397	396	205
398	397	186
399	398	201
400	399	171
401	400	184
402	401	154
403	402	199
404	403	213
405	404	171
406	405	183
407	406	199
408	407	158
409	408	182
410	409	212
411	410	180
412	411	167
413	412	163
414	413	177
415	414	204
416	415	171
417	416	170
418	417	185
419	418	171
420	419	166
421	420	172
422	421	184
423	422	189
424	423	157
425	424	152
426	425	195
427	426	178
428	427	163
429	428	166
430	429	157
431	430	143
432	431	174
433	432	166
434	433	181
435	434	162
436	435	162
437	436	167
438	437	176
439	438	186
440	439	197
441	440	169
442	441	162
443	442	177
444	443	170
445	444	180
446	445	205
447	446	144
448	447	174
449	448	148
450	449	169
451	450	164
452	451	160
453	452	162
454	453	157
455	454	146
456	455	135
457	456	164
458	457	151
459	458	175
460	459	161
461	460	186
462	461	152
463	462	170
464	463	189
465	464	152
466	465	144
467	466	148
468	467	153
469	468	158
470	469	171
471	470	176
472	471	169
473	472	152
474	473	134
475	474	148
476	475	148
477	476	160
478	477	156
479	478	161
480	479	168
481	480	176
482	481	161
483	482	147
484	483	157
485	484	159
486	485	153
487	486	159
488	487	150
489	488	165
490	489	155
491	490	144
492	491	147
493	492	151
494	493	153
495	494	168
496	495	147
497	496	149
498	497	155
499	498	160
500	499	150
501	500	165
502	501	166
503	502	151
504	503	151
505	504	128
506	505	127
507	506	156
508	507	146
509	508	152
510	509	161
511	510	162
512	511	175
513	512	146
514	513	167
515	514	151
516	515	136
517	516	142
518	517	146
519	518	143
520	519	140
521	520	158
522	521	187
523	522	130
524	523	146
525	524	172
526	525	126
527	526	153
528	527	136
529	528	157
530	529	151
531	530	149
532	531	170
533	532	151
534	533	112
535	534	128
536	535	150
537	536	104
538	537	127
539	538	152
540	539	131
541	540	156
542	541	137
543	542	134
544	543	147
545	544	125
546	545	126
547	546	141
548	547	147
549	548	138
550	549	164
551	550	145
552	551	153
553	552	151
554	553	135
555	554	136
556	555	128
557	556	143
558	557	166
559	558	136
560	559	117
561	560	122
562	561	146
563	562	143
564	563	141
565	564	155
566	565	161
567	566	135
568	567	112
569	568	126
570	569	134
571	570	115
572	571	133
573	572	116
574	573	137
575	574	116
576	575	141
577	576	130
578	577	110
579	578	169
580	579	116
581	580	108
582	581	114
583	582	147
584	583	127
585	584	139
586	585	145
587	586	131
588	587	137
589	588	124
590	589	132
591	590	150
592	591	135
593	592	143
594	593	113
595	594	133
596	595	127
597	596	124
598	597	118
599	598	122
600	599	119
601	600	140
602	601	128
603	602	119
604	603	127
605	604	143
606	605	116
607	606	126
608	607	127
609	608	149
610	609	111
611	610	119
612	611	121
613	612	154
614	613	133
615	614	147
616	615	118
617	616	114
618	617	109
619	618	125
620	619	159
621	620	136
622	621	134
623	622	144
624	623	95
625	624	142
626	625	128
627	626	136
628	627	140
629	628	128
630	629	126
631	630	117
632	631	113
633	632	122
634	633	125
635	634	134
636	635	112
637	636	113
638	637	130
639	638	135
640	639	149
641	640	112
642	641	127
643	642	125
644	643	138
645	644	127
646	645	123
647	646	130
648	647	120
649	648	126
650	649	160
651	650	127
652	651	99
653	652	127
654	653	110
655	654	112
656	655	113
657	656	94
658	657	153
659	658	116
660	659	125
661	660	147
662	661	110
663	662	120
664	663	125
665	664	131
666	665	117
667	666	136
668	667	133
669	668	111
670	669	125
671	670	98
672	671	139
673	672	149
674	673	139
675	674	166
676	675	130
677	676	131
678	677	135
679	678	115
680	679	137
681	680	141
682	681	133
683	682	100
684	683	112
685	684	126
686	685	126
687	686	118
688	687	122
689	688	91
690	689	99
691	690	133
692	691	121
693	692	133
694	693	115
695	694	127
696	695	137
697	696	109
698	697	117
699	698	134
700	699	124
701	700	118
702	701	131
703	702	105
704	703	124
705	704	123
706	705	118
707	706	129
708	707	110
709	708	101
710	709	121
711	710	113
712	711	138
713	712	113
714	713	117
715	714	116
716	715	123
717	716	113
718	717	120
719	718	99
720	719	100
721	720	117
722	721	108
723	722	123
724	723	111
725	724	112
726	725	142
727	726	96
728	727	94
729	728	131
730	729	90
731	730	88
732	731	122
733	732	116
734	733	103
735	734	107
736	735	127
737	736	129
738	737	107
739	738	130
740	739	133
741	740	88
742	741	96
743	742	100
744	743	108
745	744	107
746	745	125
747	746	96
748	747	105
749	748	118
750	749	129
751	750	111
752	751	117
753	752	117
754	753	117
755	754	119
756	755	122
757	756	135
758	757	112
759	758	83
760	759	103
761	760	139
762	761	102
763	762	105
764	763	121
765	764	127
766	765	82
767	766	109
768	767	111
769	768	125
770	769	118
771	770	133
772	771	122
773	772	110
774	773	134
775	774	157
776	775	109
777	776	107
778	777	124
779	778	120
780	779	137
781	780	113
782	781	112
783	782	126
784	783	98
785	784	123
786	785	112
787	786	119
788	787	129
789	788	108
790	789	84
791	790	106
792	791	120
793	792	98
794	793	94
795	794	105
796	795	100
797	796	130
798	797	92
799	798	117
800	799	99