#
0.3e4	1e3 	0.1e1 	2e4
337.7	1.0 	310 	350
1.02	0.01	0.1 	1.2
0.00001	0.0001	0.00001 0.0001

2.02e4	1e3 	6e1   	7e4
389 	1.0     360 	410
1.12	0.01	1.0 	1.5
0.012	0.001	0.001 	0.1

1.82e4	1e3 	5e2    	7e4
427.5 	1.0 	420 	440
1.28	0.01	1.1 	1.7
0.00001	0.0001	0.00001 0.0001

2.7e4 	1e3 	6e3    	8e4   
461.5	1.0  	440 	480
1.61	0.01	1.4 	2
0.019	0.001	0.001   0.1

8.15e4	1e3 	1e4 	10e4  
494.3	1.00    475 	530
1.92 	0.01	1.0 	2.5
0.048   0.001   0.01    0.1

0.22e4	1e3 	0.1e4 	1e4  
524.2 	1.0   	510 	550
1.93	0.01	1.0 	2.0
1e-5	1e-4	5e-6 	2e-5

0.85e4	1e3 	0.1e4 	1e4   
550.5 	1.0 	520 	580
2.32	0.01	1.0 	3
1e-5	1e-4	5e-6 	2e-5

1.09e4  1e1     1e2     1.2e4
569     1.0     540     580
2.32    0.01    2.0     3.0
0.003	0.0001	0.001 	0.01

0       0       0       0
569     1.0     500     600
2.32    0.01    0.1     3
0.015   0.0001  0.005   0.1

0       0       0       0
620.5   1.0     550     650
3.0     0.01    1.0     5.0
1e-5    1e-6    5e-6    2e-5

3e0 	1e0 	2e0 	9e0  
0.0 	0.0 	0.0 	0.0   
30  	2   	20  	60
