#
1.7e4	1e3 	1e0 	2e4
337.8	1.0 	310 	350
0.97	0.01	0.1 	1.2
0.028	0.01	0.001	0.05

6.5e4	1e3 	6e1   	7e4
391 	1.0     380 	400
1.25	0.01	1.0 	1.5
0.008	0.001	0.001 	0.02

6.4e4	1e3 	5e2    	7e4
430 	1.0 	420 	440
1.36	0.01	1.1 	1.7
0.043	0.01	0.001 	0.1

7.2e4 	1e3 	6e3    	8e4   
461.6	1.0  	445 	475
1.64	0.01	1.4 	2
0.00001	0.0001	0.00001 0.0001

19.2e4	1e3 	10e4 	22e4  
487.9	1.00    475 	510
2.2 	0.01	2.0 	2.5
0.017	0.001	0.01 	0.1

0.25e4	1e3 	0.1e4 	1e4  
525 	1.0   	510 	550
1.73	0.01	1.0 	1.9
0.13	0.001	0.05 	0.5

0.48e4	1e3 	0.1e4 	1e4   
552 	1.0 	520 	580
2.27	0.01	1.0 	3
0.405	0.001	0.1 	0.8

0.23e4  1e3     0.1e4   1e4
597.4   1.0     580     600
2.37    0.01    2.0     3.0
0.19    0.001   0.05    0.2

0       0       0       0
275     1.0     260     290
0.3     0.01    0.1     0.5
1e-5    1e-6    5e-6    2e-5

0       0       0       0
633.4   1.0     620     650
1.65    0.01    1.0     2.0
1e-5    1e-6    5e-6    2e-5

3e0 	1e0 	2e0 	9e0  
0.0 	0.0 	0.0 	0.0   
30  	2   	20  	60
